8 7 884.0659852806178
2 4 112.2572678992877
3 1 44.46017432032778
4 1 276.0231371779617
3 5 535.3490707822426
9 4 457.45525726407044
0 8 495.080266394765
8 0 977.6441061600716
6 5 421.23006600521205
6 1 889.5980852792162
3 4 255.18510761962153
1 2 371.05504768683016
5 0 379.4355830317776
5 3 711.7576837056687
0 7 829.2756545220582
4 6 415.1978565039367
6 0 33.47445669536753
7 6 225.32105440740645
2 0 542.0236375213036
7 8 431.4252270089124
9 5 610.9829548467749
9 1 557.4985644232271
3 8 285.5512826863975
9 0 541.6490855311275
4 1 46.73516876763162
